1.000000 -2.000000 -1.000000 3.000000 | 2.000000
-2.000000 1.000000 3.000000 -2.000000 | -3.000000
3.000000 -3.000000 -2.000000 3.000000 | 3.000000
3.000000 -3.000000 -2.000000 3.000000 | 3.000000

1.000000 -0.666667 -0.333333 0.333333 | 0.666667
0.000000 -0.333333 2.333333 -1.333333 | -1.666667
0.000000 -1.000000 -1.000000 2.000000 | 1.000000
0.000000 -1.000000 -1.000000 2.000000 | 1.000000

1.000000 -0.666667 -0.333333 0.333333 | 0.666667
0.000000 -0.333333 2.333333 -1.333333 | -1.666667
0.000000 -1.000000 -1.000000 2.000000 | 1.000000
0.000000 -1.000000 -1.000000 2.000000 | 1.000000

1.000000 -0.333333 -0.666667 0.333333 | 0.666667
0.000000 1.000000 -0.142857 -0.571429 | -0.714286
0.000000 0.000000 -1.142857 1.428571 | 0.285714
0.000000 0.000000 -1.142857 1.428571 | 0.285714

1.000000 -0.333333 -0.666667 0.333333 | 0.666667
0.000000 1.000000 -0.142857 -0.571429 | -0.714286
0.000000 0.000000 -1.142857 1.428571 | 0.285714
0.000000 0.000000 -1.142857 1.428571 | 0.285714

1.000000 -0.333333 0.333333 -0.666667 | 0.666667
0.000000 1.000000 -0.571429 -0.142857 | -0.714286
0.000000 0.000000 1.000000 -0.800000 | 0.200000
0.000000 0.000000 0.000000 0.000000 | -0.000000

1.000000 -0.333333 0.333333 -0.666667 | 0.666667
0.000000 1.000000 -0.571429 -0.142857 | -0.714286
0.000000 0.000000 1.000000 -0.800000 | 0.200000
0.000000 0.000000 0.000000 0.000000 | -0.000000

1.000000 -0.333333 0.333333 -0.666667 | 0.666667
0.000000 1.000000 -0.571429 -0.142857 | -0.714286
0.000000 0.000000 1.000000 -0.800000 | 0.200000
0.000000 0.000000 0.000000 1.000000 | -0.093750

0.12500000
-0.09374993
-0.65625006
0.34375003
